0 0.151667 0.863095 0.303333 0.273810
0 0.291667 0.610119 0.136667 0.208333
0 0.495000 0.800595 0.170000 0.220238
0 0.475000 0.580357 0.083333 0.125000
0 0.498333 0.425595 0.083333 0.089286
0 0.148333 0.505952 0.136667 0.119048
0 0.365000 0.458333 0.076667 0.071429
0 0.686667 0.681548 0.246667 0.303571
0 0.803333 0.529762 0.060000 0.059524
0 0.778333 0.392857 0.110000 0.130952
0 0.640000 0.389881 0.113333 0.160714
0 0.281667 0.377976 0.090000 0.101190
0 0.385000 0.318452 0.056667 0.053571
0 0.475000 0.285714 0.070000 0.059524