0 0.357411 0.530000 0.069418 0.040000
0 0.426829 0.753333 0.091932 0.093333
0 0.112570 0.833333 0.116323 0.153333
0 0.342402 0.903333 0.103189 0.126667
0 0.484053 0.885000 0.090056 0.110000
0 0.564728 0.773333 0.075047 0.073333
0 0.770169 0.698333 0.320826 0.283333
0 0.930582 0.905000 0.138837 0.190000
0 0.504690 0.521667 0.101313 0.103333
0 0.326454 0.733333 0.082552 0.080000
0 0.204503 0.896667 0.090056 0.113333
0 0.634146 0.960000 0.127580 0.080000
0 0.458724 0.573333 0.043152 0.053333
0 0.393996 0.976667 0.131332 0.046667