0 0.179688 0.806792 0.303125 0.231850
0 0.822656 0.531616 0.189062 0.121780
0 0.636719 0.406323 0.173437 0.114754
0 0.444531 0.518735 0.289062 0.236534
0 0.656250 0.272834 0.146875 0.063232
0 0.280469 0.117096 0.076563 0.046838
0 0.571875 0.192037 0.153125 0.079625
0 0.407031 0.162763 0.157812 0.091335
0 0.447656 0.092506 0.098437 0.049180
0 0.763281 0.168618 0.229687 0.112412
0 0.579688 0.125293 0.137500 0.063232
0 0.556250 0.072600 0.115625 0.056206
0 0.648438 0.094848 0.087500 0.049180
0 0.325000 0.070258 0.078125 0.037471
0 0.757031 0.789227 0.151562 0.196721
0 0.810156 0.642857 0.198437 0.100703