0 0.760163 0.968657 0.157724 0.062687
0 0.446341 0.970149 0.160976 0.059701
0 0.780488 0.146269 0.078049 0.065672
0 0.713008 0.219403 0.102439 0.098507
0 0.777236 0.347761 0.094309 0.074627
0 0.537398 0.597015 0.235772 0.202985
0 0.377236 0.828358 0.169106 0.217910
0 0.272358 0.491045 0.229268 0.164179
0 0.441463 0.432836 0.092683 0.125373
0 0.080488 0.304478 0.099187 0.083582
0 0.186179 0.347761 0.082927 0.068657
0 0.326016 0.241791 0.255285 0.137313
0 0.289431 0.110448 0.237398 0.113433
0 0.545528 0.062687 0.060163 0.095522