0 0.513750 0.839806 0.102500 0.165049
0 0.478750 0.684466 0.162500 0.155340
0 0.346250 0.548544 0.097500 0.097087
0 0.582500 0.512136 0.075000 0.072816
0 0.725000 0.400485 0.075000 0.082524
0 0.591250 0.381068 0.072500 0.082524
0 0.237500 0.395631 0.100000 0.111650
0 0.515000 0.199029 0.110000 0.077670
0 0.347500 0.305825 0.060000 0.116505
0 0.373750 0.444175 0.072500 0.063107
0 0.176250 0.291262 0.142500 0.106796
0 0.272500 0.223301 0.075000 0.058252
0 0.895000 0.116505 0.185000 0.126214
0 0.742500 0.245146 0.060000 0.072816
0 0.600000 0.099515 0.060000 0.063107
0 0.382500 0.123786 0.155000 0.082524