0 0.131667 0.907738 0.210000 0.184524
0 0.666667 0.821429 0.233333 0.357143
0 0.915000 0.699405 0.170000 0.172619
0 0.620000 0.553571 0.120000 0.119048
0 0.396667 0.767857 0.140000 0.166667
0 0.441667 0.526786 0.096667 0.125000
0 0.855000 0.395833 0.290000 0.160714
0 0.508333 0.410714 0.076667 0.059524
0 0.281667 0.553571 0.096667 0.083333
0 0.200000 0.699405 0.086667 0.101190
0 0.391667 0.437500 0.070000 0.053571
0 0.628333 0.419643 0.116667 0.089286
0 0.513333 0.619048 0.073333 0.083333
0 0.481667 0.348214 0.050000 0.065476