0 0.657104 0.830000 0.226776 0.173333
0 0.653005 0.488333 0.213115 0.103333
0 0.752732 0.388333 0.177596 0.063333
0 0.080601 0.763333 0.122951 0.100000
0 0.445355 0.411667 0.120219 0.043333
0 0.441257 0.366667 0.112022 0.046667
0 0.538251 0.318333 0.076503 0.036667
0 0.769126 0.313333 0.128415 0.040000
0 0.627049 0.355000 0.166667 0.070000
0 0.648907 0.308333 0.062842 0.036667
0 0.695355 0.285000 0.106557 0.036667
0 0.646175 0.260000 0.101093 0.033333
0 0.711749 0.218333 0.073770 0.030000
0 0.392077 0.331667 0.095628 0.036667